67899.9
68160.0
68180.9
68467.2
68514.0
68472.0
68493.1
68809.1
68700.3
68552.4
68544.0
68533.0
68683.4
68598.6
68628.6
68834.8
68843.4
68819.5
68807.0
68823.5
68869.3
68812.8
68802.3
68561.0
69065.3
68986.1
68894.6
68777.0
68666.1
68593.9
68508.0
68420.4
68526.9
68547.2
68368.0
68420.8
68296.4
67994.3
68103.2
68184.9
68319.7
68383.8
68401.2
68351.4
68266.3
68155.2
68356.1
68321.3
68324.9
68244.5
68168.9
68117.9
68053.5
67979.9
68023.9
68054.8
68070.7
67859.3
67732.3
67794.7
67840.9
67845.2
67682.5
67791.4
68012.3
68048.7
68120.0
67858.8
68041.7
68057.6
67964.7
68076.9
68049.4
67973.4
67054.6
66830.2
66763.9
66800.3
66963.0
67347.6
67700.0
67486.9
67657.8
67481.2
67226.2
67413.1
66968.0
67195.4
67306.5
67680.4
67925.4
68043.3
68129.6
67833.2
67942.0
67741.4
67558.6
67691.3
67810.9
67695.7
67829.1
67538.2
67545.2
67624.4
67531.1
67642.3
67572.1
67487.4
67414.7
67389.9
67473.2
67456.8
67565.8
67444.3
67410.0
67244.9
67046.2
66997.3
67115.6
67114.9
67226.4
67162.0
67313.6
67277.5
67361.3
67485.9
67561.9
67562.4
67499.9
67607.9
67622.1
67741.6
67798.8
67658.2
67578.1
67576.9
67728.0
67804.5
67844.7
67778.7
67693.5
67678.2
68011.5
68060.0
68154.6
68218.2
68109.7
68074.4
68130.9
68090.9
68210.2
68099.1
68102.0
67974.0
67709.4
67739.2
67336.3
67394.0
67494.7
67323.5
67534.5
67518.6
67488.7
67410.5
67487.4
67431.4
67235.7
67187.6
67232.5
67041.6
67097.9
67172.7
67314.7
67278.9
68060.3
67642.0
67030.5
67211.0
67174.5
67097.0
67033.3
67083.7
67056.7
67135.1
67075.9
66837.7
66299.6
66321.8
66328.4
66230.7
66122.1
66134.1
66208.7
66255.7
66383.8
66222.2
66162.8
66357.1
66382.4
66290.5
66212.8
66281.1
66350.5
66354.1
66329.9
66270.1
66417.5
66412.1
66360.9
66356.7
66479.6
66389.9
66650.9
66651.0
66742.2
66812.0
66773.4
66885.0
66611.8
66791.9
66754.3
66894.0
66846.7
66931.3
66937.5
66836.2
66763.8
66758.9
66722.7
66683.0
66719.1
66816.4
66946.6
67120.0
67041.7
67090.5
67088.5
67163.4
67130.4
67151.3
67009.2
66852.3
66876.9
66910.6
66977.7
67078.4
67029.8
66784.1
66821.6
66819.6
66904.0
66784.0
66861.8
66786.5
66619.8
66450.6
66521.2
66621.6
66560.3
66468.3
66338.2
66127.1
65919.1
65863.0
65996.8
65931.2
66221.0
66372.0
66036.3
66006.0
66432.1
66352.2
66107.5
66146.0
66368.8
66251.3
66610.8
66572.9
66560.3
66316.6
66590.7
66855.7
66956.3
66977.4
66856.8
66889.2
66822.3
67006.9
66931.6
66884.1
66891.4
67090.5
66974.9
66990.9
66903.1
66863.4
66834.2
66706.0
66785.9
66852.0
66784.4
66942.7
66904.5
66937.2
67129.0
67318.1
67215.0
67166.7
67278.8
67153.3
67267.4
67215.5
67223.6
67135.8
67248.7
67185.1
67215.6
67357.3
67266.3
67303.9
67267.4
67166.9
67243.9
67201.7
67199.3
67348.6
67852.4
67726.0
67799.1
67658.6
67698.2
67787.2
67767.9
67887.2
67820.1
67771.3
67811.1
67801.5
67734.8
67813.0
68059.1
68128.6
68070.5
68148.0
68110.4
68198.6
68096.9
67892.8
67807.9
67815.1
67408.4
67271.1
67423.1
67266.2
67420.1
67479.9
67088.0
67152.0
66579.3
66763.3
66877.8
66949.2
67022.6
67026.5
66845.6
67406.6
67182.1
67534.0
67683.4
67287.7
67452.9
67760.0
67037.5
66990.6
67200.0
67566.3
67532.8
67621.9
67753.8
67883.5
67660.2
67574.9
67560.0
67603.0
67768.7
67544.0
67685.4
67702.8
67668.4
67698.3
67718.6
67777.7
67618.1
67891.2
67916.5
68039.3
67983.2
67958.6
67925.0
67965.7
67953.8
67885.0
67793.9
67785.5
67877.9
67809.5
67931.0
67908.2
67942.4
68014.0
68029.0
67952.5
67711.4
67746.5
67562.1
67617.0
67608.0
67665.7
67644.0
67768.1
67797.1
67814.1
67809.3
67813.2
67864.5
67820.4
67728.6
67733.2
67777.6
67795.1
67783.4
67808.9
67858.2
67915.9
67939.4
68000.1
67941.5
68183.7
68136.3
68094.9
68126.7
68136.3
68177.2
68150.7
68209.6
68120.0
68040.3
68036.4
67945.4
67927.2
67999.0
68168.6
68104.0
68192.0
68131.0
68219.0
68221.1
68398.2
68494.8
68405.7
68448.1
68410.0
68587.9
68555.2
68312.7
68226.7
68304.0
68273.4
68216.5
68236.1
68381.0
68383.3
68364.0
68444.0
68501.9
68519.6
68541.9
68530.0
68582.1
68492.5
68492.5
68492.5
68492.5
68176.0
68251.2
68302.3
68244.0
68336.0
68209.1
68216.2
68060.1
67924.3
67913.3
68032.0
68016.0
67933.3
67968.1
67812.0
67803.1
67888.5
67971.9
68055.3
68072.5
68108.5
68163.1
68000.7
67937.8
67858.8
67969.5
67915.8
67945.3
67992.0
68010.4
67961.6
67937.2
67938.7
67869.2
67903.6
67893.3
67928.0
67996.0
68063.4
68013.6
67989.9
67991.2
67979.2
68036.2
67961.8
67940.0
67915.8
67910.2
67906.0
67996.2
67973.6
67998.9
68010.4
68001.7
68043.9
68051.0
68083.1
68161.3
68179.3
68139.5
68165.6
67962.3
68029.3
67843.2
67882.5
67934.7
67882.3
67590.0
67607.9
67607.0
67587.8
67393.2
67408.5
67376.9
67550.4
67738.6
67648.0
67550.2
67505.2
67527.1
67581.0
67528.2
67457.4
67221.1
67346.1
67364.3
67297.6
67333.3
67379.0
67373.9
67384.9
67434.0
67377.9
67338.8
67395.1
67366.8
67351.7
67390.1
67407.3
67542.6
67558.1
67458.9
67547.2
67627.6
67618.2
67449.2
67555.6
67454.5
67591.5
67577.0
67422.5
67147.2
66702.4
65452.4
65020.8
65090.7
64395.7
64711.2
64700.8
64793.5
64740.8
64894.2
64717.7
64970.0
64893.2
64976.9
64723.4
64677.9
64768.7
65048.4
64988.3
64978.2
65019.5
65311.1
65259.5
65483.9
65710.8
65740.4
65646.6
65903.6
65906.6
65795.6
65638.9
65572.8
65629.4
65769.1
65796.4
66230.0
66345.8
66269.8
66319.1
66296.5
66277.3
66321.6
66278.4
66090.6
66160.8
66177.6
66106.1
66389.3
66241.0
66180.7
66187.4
66315.1
66096.8
66211.3
66050.0
65801.6
65883.5
65914.1
65768.8
65760.7
65636.8
65196.0
65604.9
65542.7
65325.1
65046.5
64550.1
64436.7
64768.9
64748.0
64776.7
64851.7
64603.1
64665.4
64419.0
64179.2
64267.5
63927.1
63972.6
64225.7
64439.2
64562.8
64525.6
64606.7
64550.1
64930.7
64914.0
64767.4
64688.2
64825.8
64800.9
64583.2
64618.0
64852.0
64824.6
64878.5
64896.7
64286.6
64387.3
64284.9
64109.3
64197.8
64261.9
64078.5
64061.7
63637.7
63666.6
63632.1
63539.9
62967.0
63165.8
63285.9
63324.9
63444.1
62774.4
62941.5
63046.0
63088.2
63158.2
63208.4
63033.2
63278.9
63228.5
63046.1
63148.7
63170.8
63253.9
63336.7
63342.3
63237.3
63097.6
63109.1
63203.3
63181.4
63227.3
63167.6
63244.1
63161.6
63138.9
63156.9
63192.3
63221.6
63282.2
63086.0
62939.2
63040.8
62885.6
62878.1
62861.2
62904.4
62954.6
63296.0
63410.2
63537.6
63890.6
63710.8
63933.4
64126.2
63914.2
64005.1
64229.7
64380.2
64118.3
64068.0
64187.9
63932.3
64250.6
64331.6
64384.8
64267.6
64271.9
64428.6
64393.1
64350.1
64430.3
64458.9
64424.0
64201.6
63877.4
63983.2
64005.4
64176.5
64101.5
64050.8
64078.6
64028.8
64142.2
64099.2
64019.1
63876.2
63916.6
64208.9
64183.0
65570.0
65919.2
65781.8
65866.7
66200.3
66077.8
65893.7
65852.8
65805.3
65554.4
65431.7
65359.3
65404.5
65554.2
65594.6
65410.0
65299.3
65161.5
64808.5
64847.4
64951.9
65000.0
65052.6
64862.8
64991.3
65083.0
64913.3
65003.1
64992.5
65149.3
65382.7
65490.7
65518.8
65532.6
65430.9
65521.1
65530.9
65333.0
65390.0
65367.6
65221.6
65329.0
65395.0
65395.7
65459.9
65742.6
65803.4
66025.3
66017.0
66139.0
66283.5
66210.9
66444.4
66540.4
66224.4
66941.6
66814.2
67035.2
67473.6
67358.3
67555.9
67816.3
67902.7
68241.6
68473.3
68530.7
68703.5
68622.4
68820.1
69295.1
69437.2
69282.4
68879.2
68940.8
68860.7
69000.6
68608.8
68767.2
69092.5
69110.4
68949.6
68776.0
69195.2
68889.5
69050.3
68850.7
68385.4
68419.0
68500.0
68250.1
67672.7
67958.9
68129.7
68273.5
68175.4
68308.0
68532.2
68363.7
68325.6
68221.6
67834.4
67916.4
68159.4
68226.8
68110.0
68071.0
68219.7
68189.6
68497.4
68531.5
68698.8
68544.4
68272.1
68318.6
68380.7
68416.7
68430.8
68226.3
68104.6
68152.2
68201.3
68152.3
67969.8
67801.7
68007.2
67996.5
67964.8
67933.2
68302.3
68160.4
68374.9
68542.7
68491.3
68307.8
68402.0
68267.7
68314.0
68130.7
68052.1
68019.4
68171.4
68118.6
68050.8
68140.2
68003.0
68132.4
68055.0
67882.1
67959.2
68083.4
67773.9
67668.3
67353.7
66956.5
67325.9
67361.0
67124.1
67423.5
67013.3
66613.0
66861.1
66912.0
66720.0
66799.7
66736.5
66836.3
67235.5
67274.9
67475.4
67548.9
67453.0
67561.8
67656.4
67537.2
67441.3
67388.0
67330.8
67450.2
67410.1
67431.6
67515.2
67381.1
67565.0
67534.7
67490.6
67539.3
67474.0
67452.3
67326.1
67276.0
67104.5
67193.1
66962.0
67040.1
67129.1
67320.6
67289.4
67380.0
67396.1
67230.9
67144.4
67088.7
67359.9
67571.2
67894.8
67914.3
67730.2
67713.1
67827.8
67770.1
67806.1
67694.6
67634.2
67567.5
67709.9
67631.2
67625.7
67472.2
67507.7
67661.1
67864.1
67927.7
67877.7
67907.0
67940.5
67994.3
67584.9
67338.9
66846.4
66759.9
66792.4
66569.9
66673.7
66497.3
65980.3
66100.0
65967.4
65887.3
65880.5
65904.2
66025.9
65993.6
66006.1
66248.1
66295.7
66096.5
65865.0
65873.1
66014.4
66094.3
66053.8
66074.2
65877.9
65974.6
65699.7
65453.2
65427.1
65181.8
65387.5
65677.0
65511.6
65554.1
65541.9
65280.4
65254.4
65307.6
65263.8
65366.4
65536.9
65546.8
65597.3
65562.8
65548.7
65673.4
65590.4
65497.4
65512.2
65433.2
65566.6
65605.4
65698.5
65851.1
65801.5
65842.8
65964.9
65743.7
65921.6
65912.7
65830.3
65807.8
65756.0
65746.7
65837.7
65885.5
65927.5
65930.9
65833.2
65858.3
65734.7
65761.8
65709.5
65631.7
65611.5
65631.7
65688.0
65614.1
65522.9
65558.6
65464.1
64527.6
64010.1
63179.5
63723.4
63475.8
64034.4
63795.8
63592.0
63595.2
63584.5
63440.8
63676.6
63808.5
63598.0
63623.6
63535.3
63813.1
63921.1
63974.3
64059.2
64218.7
63982.4
63814.4
63910.5
63974.8
63988.0
63989.9
64047.2
64003.3
64030.0
65080.2
64796.8
64762.1
64900.0
64402.9
64195.4
64727.9
64800.0
64809.1
64860.9
64899.5
65129.5
65068.5
64923.6
65075.1
64928.0
65408.0
65256.5
65165.1
65639.4
65883.3
65732.8
65703.3
66348.0
66328.0
66534.3
66720.7
66752.0
66921.7
66546.3
66448.6
66814.1
66691.8
66898.9
66968.4
67310.1
67088.6
66934.0
66875.1
66860.0
66944.0
66883.6
66760.0
66620.0
66771.9
66277.4
66322.5
66604.2
67314.3
67854.3
67736.8
68040.0
67589.8
67700.2
67534.0
67616.7
67475.0
67259.3
67291.6
67373.0
67314.1
67295.4
67432.2
67350.4
67263.5
67052.0
67028.9
66897.9
66895.8
66993.1
66963.4
67074.5
67111.1
67243.1
67194.3
67106.3
66532.0
66550.0
66585.7
66267.6
66374.9
66492.4
66539.3
66373.8
66437.4
66488.0
66525.2
66359.6
66437.5
66480.9
66390.0
66459.7
66277.9
66291.8
66288.5
66325.0
66907.0
67044.6
66891.5
66805.5
66840.4
67076.3
67041.6
67179.9
66814.5
66916.0
67001.3
66803.0
66110.6
66083.2
65988.0
65990.0
65957.1
66370.8
66386.9
66337.6
66285.5
66040.4
65979.4
65790.9
65932.5
65421.7
65276.4
65218.1
65267.2
65481.8
65562.7
65634.1
65640.0
65979.1
65844.0
65367.3
65228.6
65783.9
65597.9
65716.0
65733.3
65954.8
65903.6
66542.7
66473.7
66892.8
66530.7
66549.8
66500.9
66065.9
66160.8
66287.6
66243.5
66459.3
66738.8
66855.1
66783.3
66707.7
66898.6
66779.7
66823.1
66673.6
66641.0
66943.7
66688.4
66567.8
66241.3
66227.5
66174.8
65671.7
65761.0
65929.6
65973.0
66019.9
65703.6
65938.2
66242.8
66368.0
66368.4
66353.5
66133.3
66110.3
66220.2
66243.2
66277.4
66055.4
66035.9
66263.3
66321.6
66300.8
66098.2
65949.2
65929.9
65804.0
65769.1
65543.6
65403.5
65499.4
65537.7
66563.4
67121.2
68380.0
68505.7
69469.5
69084.4
69628.8
69353.2
69830.4
69402.9
69388.5
69374.5
68816.2
69171.0
69160.8
69063.3
69090.5
68849.2
68718.5
68796.2
68759.4
68933.5
68701.9
68919.6
69177.4
69045.2
69246.2
69385.2
69417.8
69377.0
69210.8
69337.8
69382.9
69402.0
69192.9
68968.4
68753.3
68790.0
68771.7
68765.6
69066.7
69060.1
69096.8
68873.3
68986.8
68716.8
68564.8
68404.4
68416.9
68462.3
68420.9
68380.0
68373.5
68323.0
68328.1
68283.8
68152.8
68082.7
68342.1
68370.7
68040.3
67901.1
67921.0
67855.1
67951.8
68065.4
68118.1
68199.0
68176.4
68126.8
67962.4
67714.0
67304.3
66963.8
67054.0
66599.9
66506.9
66618.3
66457.9
66482.3
66669.3
66814.5
66925.2
66796.2
67032.6
66993.7
67699.8
67537.7
67319.5
67346.7
66929.7
67057.5
66812.5
66883.8
67122.5
67072.4
66410.1
66528.0
66824.3
66782.9
67489.0
67684.3
68430.1
68794.0
67699.0
68134.6
67909.5
68200.3
68112.7
68279.1
68050.0
68429.6
68650.9
68598.0
68585.9
68620.0
68668.4
68404.2
68198.9
68350.0
68435.9
68230.3
68008.4
67903.0
67997.4
67984.9
68272.5
68225.2
68361.8
68282.9
68655.9
68454.2
68427.1
68301.5
68082.4
68266.9
67937.7
68069.9
68098.7
68216.6
68679.7
68381.9
68203.0
68037.1
68106.5
68291.6
68243.7
67950.3
67537.4
67701.3
67786.4
67559.1
67608.0
67748.7
67878.9
67785.2
68166.9
68166.2
68154.3
68087.6
68630.4
68466.1
68367.5
68737.8
68925.3
69467.4
69391.3
69289.7
69879.3
70988.0
71048.1
71286.4
71729.4
71485.8
71603.0
71489.9
71276.3
71297.7
71393.7
71190.2
71075.0
71094.8
70851.7
70600.1
70943.9
71297.4
71269.6
71325.2
71396.7
71448.5
71761.9
71700.4
71386.4
71576.6
71965.9
72935.5
72657.7
73397.4
